0001010010100001
0101011000000010
0000010000000001
0001111111000001
0001100001000001
0001010010000010
0101011000000010
0000010000000001
0001111111000100
0001100100000100
0001010010000010
0101011000000010
0000010000000001
0001111111000100
0001100100000100
0001010010000010
0101011000000010
0000010000000001
0001111111000100
0001100100000100
0001010010000010
0101011000000010
0000010000000001
0001111111000100
0001100100000100
0001010010000010
0101011000000010
0000010000000001
0001111111000100
0001100100000100
0001010010000010
0101011000000010
0000010000000001
0001111111000100
0001100100000100
0001010010000010
0101011000000010
0000010000000001
0001111111000100
0001100100000100
0001010010000010
0101011000000010
0000010000000001
0001111111000100
0001100100000100
0001010010000010
0101011000000010
0000010000000001
0001111111000100
0001100100000100
0001010010000010
0101011000000010
0000010000000001
0001111111000100
0001100100000100
0001010010000010
0101011000000010
0000010000000001
0001111111000100
0001100100000100
0001010010000010
0101011000000010
0000010000000001
0001111111000100
0001100100000100
0001010010000010
0101011000000010
0000010000000001
0001111111000100
0001100100000100
0001010010000010
0101011000000010
0000010000000001
0001111111000100
0001100100000100
0001010010000010
0101011000000010
0000010000000001
0001111111000100